Filtering Method Comparison Summary
============================================================

 Layer      FP%    INT2%    MinMax%    Norm%
--------------------------------------------------
     0     77.1     73.5        0.0      0.0
     1     99.9     99.9        2.2      0.0
     2     99.9     99.1        0.4      0.0
     3     99.9     97.7        0.0      0.0
     4     99.9     98.6        0.0      0.0
     5     99.8     98.7        0.9      0.0
     6     99.8     96.8        0.1      0.0
     7     99.9     97.8        0.0      0.0
     8     99.2     97.8        0.7      0.0
     9     99.5     98.4        0.0      0.0
    10     99.4     98.6        0.0      0.0
    11     99.8     98.7        0.1      0.0
    12     97.7     96.1        0.0      0.0
    13     99.1     99.0        0.0      0.0
    14     99.5     98.4        0.0      0.0
    15     99.4     98.7        0.0      0.0
    16     99.8     99.0        0.0      0.0
    17     99.8     99.4        0.0      0.0
    18     99.8     99.0        0.0      0.0
    19     99.9     98.8        0.0      0.0
    20     99.9     98.8        0.0      0.0
    21     99.9     98.4        0.0      0.0
    22     99.9     99.6        0.0      0.0
    23     99.9     99.1        0.0      0.0
    24     99.9     96.7        0.0      0.0
    25     99.8     99.4        0.0      0.0
    26     99.3     97.3        0.0      0.0
    27     99.7     97.7        0.0      0.0
--------------------------------------------------
   Avg     98.8     97.5        0.2      0.0


Notes:
- FP: Full Precision (ground truth)
- INT2: 2-bit symmetric quantization filtering
- MinMax: Coarse filtering using per-dimension min/max bounds
- Norm: Coarse filtering using ||q||*||k||_max upper bound
- Block size: 128, Delta: 5.0
