================================================================================
Block Size Comparison Summary
================================================================================

      BS  #Blocks      FP%    MinMax%    Norm%     MM Gap      N Gap
--------------------------------------------------------------------------------
       8    32768     99.6       50.8      0.0      12.80      60.27
      16    16384     99.4       21.0      0.0      16.94      60.46
      32     8192     99.2        5.1      0.0      20.96      60.58
      64     4096     99.0        0.9      0.0      24.79      60.62
     128     2048     98.8        0.2      0.0      28.46      60.62
     256     1024     98.6        0.0      0.0      31.97      60.61
--------------------------------------------------------------------------------
